n = 0.655;
nd = 0.958;
Ea = 723.2561;
Vo = 5.1782;
Ra = 0.0201;
Rs = 0.004;
Ls = 0.00014;
Voc = 31;
kv = 10; %10, 0.0001
lc = 0.01;
v = 0.12;
DeltaT = 1300;
rho = 0.1319;
k = 24;
alpha = 7.79*10^(-6);
C1 = 3.2634*10^(-10);
C2 = 1.1836*10^(-9);
rw = 0.0006;

lso = 0.0041;
Io = 147.79;
fo = 0.055;
Ir = 146;
weo = 0.0041;
ho = 0.0012;

kw = sqrt((2-nd)/nd);
Aw = pi*rw^2;